[General]
ActorPositionX=0
ActorPositionY=0
ActorPositionZ=0
BkgColor=#000000
CameraFocalPointX=65.3662369008029
CameraFocalPointY=86.05732017291726
CameraFocalPointZ=-101.42053505301362
CameraParallelScale=1
CameraPositionX=-548.7476585262382
CameraPositionY=-784.9771108488621
CameraPositionZ=347.0435465513376
CameraViewUpX=0.14745779332637954
CameraViewUpY=0.3685898422192157
CameraViewUpZ=0.9178222744083566
PaletteIndex=0
ScalarThreshold=30
